15826
3937
27012
9929
11992
14899
11337
4296
21224
22112
24423
39900
9647
27613
39358
10266
10228
39434
6499
33315
8048
27042
13399
17338
11130
30139
14418
24741
33163
26782
36284
22118
2221
1858
40554
35436
27561
25168
35113
22848
3771
14764
22079
21989
15931
17266
623
36779
27258
27419
39354
17035
2999
14039
38838
30425
28228
14150
36039
10767
20074
30522
32320
33850
3755
39836
19512
38110
20897
9411
34101
17279
34859
8627
35091
2570
21007
23063
17661
33800
1563
11696
8443
32064
25424
25718
1546
2447
33404
25072
8010
8020
31837
16515
11103
28989
24660
17763
2064
28074
