1100
837 718
308 12
585 256
1070 763
842 829
321 136
789 612
130 82
520 226
706 511
746 380
1087 1025
238 112
600 259
239 196
688 187
869 817
446 131
79 19
277 164
430 419
544 350
973 955
581 244
539 142
1050 386
1034 706
597 233
59 58
882 697
833 613
575 426
667 640
5 5
487 134
565 331
82 78
85 56
833 374
649 404
1003 465
759 540
534 414
158 101
352 223
1041 675
711 559
837 8
588 165
74 48
326 316
94 51
949 215
664 154
995 447
157 61
810 5
1036 84
70 3
988 29
184 40
809 540
799 432
223 145
589 474
564 250
289 79
524 381
986 739
22 20
451 332
32 32
1093 1031
707 555
60 26
787 198
878 249
340 196
243 148
1014 731
213 165
949 208
337 336
790 62
611 76
306 55
193 109
424 13
456 139
398 327
928 604
1061 911
882 682
333 237
66 48
1007 522
874 381
931 291
278 262
483 347
634 64
52 46
329 26
62 34
810 612
502 207
847 427
394 31
1065 453
956 666
175 112
460 60
768 590
361 118
113 73
37 27
835 316
624 363
1020 137
202 17
348 59
417 342
216 86
79 68
739 250
362 15
796 13
64 47
314 154
864 722
319 74
375 180
193 1
571 558
887 102
992 714
374 88
532 113
322 16
1072 1020
696 77
1025 568
357 140
57 1
564 525
299 183
1025 299
138 45
875 260
380 21
531 355
947 51
730 720
696 279
192 95
63 18
52 23
329 242
278 145
282 85
509 41
1078 213
457 65
701 626
26 2
892 116
554 506
663 600
472 34
438 81
129 89
601 8
790 201
891 76
517 248
164 42
956 502
662 188
408 131
543 439
546 457
193 68
428 192
487 136
317 171
613 475
324 209
928 509
245 79
284 78
942 388
991 209
741 712
9 3
966 755
785 314
241 186
563 350
1037 570
619 298
1024 192
1002 631
548 241
564 89
447 446
758 209
346 284
1085 866
403 305
186 131
1000 222
984 328
999 993
960 495
698 87
240 41
1066 591
1020 345
21 4
509 321
229 124
756 207
965 252
864 660
89 61
840 628
123 66
279 275
372 31
160 149
1073 492
589 175
843 679
754 311
990 53
230 91
328 201
997 367
1081 814
916 489
1013 33
208 7
429 275
359 53
928 574
768 388
1068 600
41 18
916 275
573 569
957 274
127 30
991 748
832 55
139 92
1039 397
353 188
237 27
935 692
480 163
165 79
866 490
707 102
1094 980
753 426
530 381
419 63
1096 1049
35 5
331 144
678 103
375 331
566 345
863 461
410 75
215 126
845 492
1009 729
90 72
24 10
619 64
502 128
566 392
550 202
529 327
925 58
49 28
340 127
166 93
219 41
649 156
352 349
868 596
844 190
162 151
699 563
776 289
1021 115
902 141
993 957
251 72
739 104
371 351
269 21
233 93
314 183
123 82
173 34
1077 132
848 802
1087 55
121 3
698 40
55 46
512 343
32 30
119 97
264 5
901 706
77 11
71 59
913 808
107 77
236 115
53 21
372 3
732 428
952 418
685 23
32 20
156 52
61 23
986 393
915 226
1009 24
818 799
432 330
476 42
766 505
924 70
997 406
1008 561
839 536
162 139
1069 994
823 777
560 303
702 607
107 30
282 75
558 131
298 160
780 693
883 179
384 359
467 313
1053 598
1060 643
438 221
418 74
618 32
834 519
1022 560
674 235
3 3
347 255
6 6
906 201
317 203
434 170
294 155
183 180
327 196
241 39
567 394
373 124
949 216
465 231
846 140
103 14
992 825
764 709
145 59
834 355
157 59
364 66
119 82
52 17
992 353
260 91
2 1
998 391
1043 698
873 318
399 340
839 232
475 303
339 68
1071 501
435 139
543 108
1033 722
548 220
158 105
428 405
253 89
253 19
432 139
664 44
34 15
230 163
557 115
275 70
679 115
171 130
828 17
963 458
273 267
895 202
52 11
51 27
804 195
607 202
498 422
490 461
284 171
455 155
626 199
787 108
178 115
217 99
721 280
968 333
640 94
627 557
188 25
199 99
979 90
177 127
27 4
1059 217
588 217
202 176
194 60
317 84
996 733
579 290
763 661
660 454
563 331
349 258
1014 869
793 47
404 366
168 122
991 657
1043 597
691 306
592 164
335 245
458 346
645 323
997 755
837 697
1065 499
1046 641
101 95
859 41
752 278
1067 180
895 752
249 88
487 157
33 33
1026 318
90 25
749 646
774 334
244 214
406 30
960 11
672 301
210 143
1006 169
896 844
1084 839
32 28
580 279
222 182
648 267
183 19
985 862
522 204
629 435
67 4
25 3
436 233
38 18
179 153
658 286
118 111
968 282
872 559
668 517
263 136
595 437
4 3
580 397
36 32
494 376
345 159
484 165
267 116
326 191
616 255
722 357
676 94
86 77
240 45
896 206
172 166
303 105
1021 722
1003 217
42 19
514 188
915 582
66 57
569 92
829 693
578 172
21 6
243 114
903 267
63 8
340 74
292 114
560 132
424 54
471 325
1010 396
1002 962
1032 352
108 85
662 304
888 107
590 530
747 467
218 18
670 572
299 62
665 547
703 264
5 3
889 562
794 281
663 145
826 215
967 756
299 234
1073 305
971 877
350 169
598 197
218 53
50 19
380 346
462 423
41 8
312 113
1094 284
779 723
853 601
302 221
490 30
298 134
990 320
76 15
1089 462
9 7
43 12
78 19
1075 540
709 145
1006 528
1095 729
1025 576
554 139
482 84
547 210
659 495
484 152
216 215
938 128
435 431
714 146
55 21
104 33
230 12
43 10
883 688
185 8
167 133
636 64
950 133
670 8
1079 668
1056 986
764 669
550 250
891 317
879 543
5 4
974 751
997 108
521 272
257 38
639 32
800 574
122 35
408 315
56 26
996 43
580 271
108 1
1060 258
495 454
994 617
1024 891
733 503
935 911
600 143
215 133
818 392
463 393
714 205
782 601
156 1
136 55
539 353
1067 58
292 137
388 257
12 12
1052 128
284 110
101 50
332 67
72 45
532 270
192 141
304 245
270 52
853 811
398 375
799 356
1092 466
29 23
174 112
843 230
936 350
366 194
1060 578
555 131
1050 938
716 501
587 459
317 212
531 44
312 148
663 199
648 151
151 4
86 80
868 408
753 474
157 95
943 512
867 515
298 153
686 121
9 6
1084 966
231 184
698 318
646 179
703 375
1067 906
1021 990
381 186
183 98
543 26
354 45
606 481
1085 1010
1089 9
967 566
46 15
626 227
516 456
970 493
636 617
406 282
629 56
957 952
166 133
397 286
681 677
145 123
1023 119
292 147
952 930
211 68
312 157
325 130
264 19
92 43
919 388
704 203
975 562
812 256
1054 360
900 634
1010 105
971 295
226 56
994 929
623 381
277 118
145 87
814 540
948 945
358 334
606 309
568 88
976 291
671 577
387 193
614 154
567 69
280 172
949 295
72 3
581 274
457 320
949 740
336 108
279 173
765 754
957 761
415 32
663 472
660 321
759 107
549 393
808 764
220 148
204 143
179 31
639 33
713 137
957 442
487 158
793 4
70 62
687 356
533 395
924 289
502 457
417 363
11 2
929 842
1084 809
521 379
21 16
1 1
850 9
985 78
447 143
842 86
531 436
203 39
830 548
207 102
760 296
333 322
104 89
53 45
497 320
705 332
936 137
454 41
865 750
124 55
219 45
878 199
293 249
864 658
309 240
557 97
1049 482
1043 1032
101 97
443 19
871 483
166 24
903 435
442 231
9 9
81 12
582 424
180 54
141 24
100 49
216 72
721 73
444 91
520 416
809 393
193 133
60 51
337 200
181 23
832 93
395 22
720 116
769 155
902 533
45 31
562 500
556 534
728 715
997 205
746 375
161 90
488 285
653 563
234 103
655 576
74 29
877 299
925 198
895 178
658 553
778 269
402 111
453 127
587 543
481 373
105 31
374 65
1013 182
469 233
911 876
264 80
123 58
32 23
1041 328
976 679
1068 405
1021 848
89 7
702 143
721 601
111 70
1027 672
622 61
714 500
289 279
316 164
711 368
896 714
689 340
719 84
638 310
269 20
258 17
1083 947
236 12
245 111
733 665
981 141
162 52
547 231
169 38
54 33
351 323
672 667
988 854
503 37
179 146
136 121
483 149
600 118
973 640
115 17
67 48
62 18
893 398
981 377
521 165
992 732
1034 12
810 394
57 8
651 344
186 78
976 73
1055 630
590 208
370 175
584 196
852 182
19 5
305 105
757 76
933 905
597 262
568 394
44 28
822 18
63 52
531 441
879 709
716 29
464 286
125 25
877 72
897 530
823 451
795 222
130 69
332 310
697 324
236 12
726 571
485 346
167 2
1030 968
552 98
618 83
935 839
166 153
921 382
658 167
367 203
326 316
31 21
274 17
607 302
671 55
769 635
225 12
122 62
236 129
3 2
891 77
798 131
852 634
222 181
465 78
761 493
136 19
499 114
873 456
121 25
693 493
650 67
875 73
275 11
799 130
1015 799
266 191
697 485
686 593
577 389
558 201
992 317
231 212
305 224
850 27
598 403
365 334
411 119
273 81
454 139
14 4
712 687
284 188
599 238
278 7
71 21
464 106
884 10
655 394
849 680
665 34
51 26
797 665
373 62
350 276
92 39
245 155
1097 984
163 87
550 42
821 296
479 386
734 21
82 40
503 458
48 3
480 110
300 29
1015 739
450 414
701 365
930 316
548 146
678 370
724 291
353 269
898 460
780 283
298 107
175 175
842 624
70 12
624 570
702 588
245 121
953 453
895 147
943 852
759 641
255 122
798 402
977 448
643 522
330 60
720 524
791 238
877 26
835 380
433 60
937 159
638 327
675 482
622 393
926 236
240 212
813 776
991 950
683 243
549 230
524 421
415 371
782 310
278 194
743 199
155 87
439 54
572 165
275 94
833 662
525 99
484 258
60 34
131 37
1059 791
806 388
51 7
848 360
616 529
551 328
886 105
41 14
548 301
693 141
706 108
126 62
701 320
671 552
35 8
555 483
836 392
474 328
532 489
770 639
549 148
457 5
1077 798
1015 614
9 1
398 40
84 40
48 25
32 6
597 107
875 153
