50
4
350000511 223544839 95625646 441971384
90072284 33591552 462713694 504377690
34
925134474 176772724 32477046 81804574 53301295 979698599 117679434 391075570 196796028 119362682 160311677 280035757 122204408 69585106 824690022 859060529 812997845 419661964 89776877 205511041 427774620 862833431 408027903 651319458 810975428 849999286 593908093 844566979 165229331 98285782 255447861 90363804 127574858 287924906
172168378 180876152 120139856 142364163 571951722 316935883 261726845 584779750 596971639 383931252 506881207 274178012 95508132 319879051 693839975 37801360 377906443 974130946 900634790 785934345 477966755 711610217 488449982 71874848 408693547 653679313 22676981 664141407 744043116 150251838 804582664 768727845 331127990 924722519
9
903079711 94174753 25335204 340375812 543662744 409266455 847257018 817840755 357290938
19652421 364197082 395092297 397558863 338328027 295727086 183493208 816294782 859853654
40
740685981 268547200 178138853 763362961 785204958 922181969 913614799 589787621 543426165 244742788 367026491 454518172 338850 313717595 479853375 340714661 857380338 741636181 40488030 675221093 98927118 60140450 39418174 494019414 457699313 230262552 642262851 641192520 899073685 502116504 165652060 639759665 623180055 343790913 255638978 408385012 118489233 169253776 850688984 661915397
266512915 70231826 968949921 266851764 383949421 301319647 460082776 241329758 42955828 500570805 769067202 141882945 560711255 661001727 488418711 18410567 891264279 130681561 512119438 642854315 485314417 677771497 135130332 108494471 874078761 390769309 369395835 992567993 560023084 72601170 506999742 826535998 142832996 328466014 945904113 526782416 629785660 405986888 768112173 672741487
43
389695727 667140784 319785298 50697453 8075846 338195864 794478083 991273758 850315301 437332398 329104526 380603150 572462729 290115349 107198262 963232037 659511183 99766255 375771472 732112352 459282348 54823821 874945347 787748361 727933 254244114 270050372 259231172 22356287 942791859 18305215 264568365 462448994 338090513 315265817 323041191 528802728 109743900 314314948 231634381 399592649 643419474 612237530
824571729 933534822 719435791 640320117 445562356 671718397 16091588 30191059 983517096 923431760 757652758 623781808 776676044 11896871 893832180 35907215 886769509 689140390 906728781 151337873 4105735 97335645 319120042 327146925 626138373 281380293 641461872 857772753 680972941 137397697 322526634 358061021 923448870 41962424 998381137 221527577 566197173 866989076 251718636 402230620 790420835 9371393 26012428
31
873784615 919844607 308036796 760554124 461501348 214765576 764408348 465607082 312101221 83528389 792754006 938239593 364908681 286732229 648528697 898397973 424129926 971055330 256458993 200095147 865534105 107356481 421622724 284247629 974345556 673341359 686478249 617282742 535229103 712490676 36895971
261530069 484851634 344932766 22084192 946352981 412214694 639008892 264476414 724315914 722537280 57230419 515071858 939962313 343962647 16116906 838360285 620608924 987172235 947335630 820704071 852706339 54692110 242326794 136953968 29037666 768184504 675948568 498836759 155929958 240955595 535732730
27
725807228 733181847 292060570 524676560 145396540 931069461 789152973 722228805 506123092 698899743 89817014 446085404 42862389 105933919 136962041 515987665 93106153 84297670 336691735 798328844 991506131 431534880 787799163 873060148 199719383 463747730 371896907
355649340 704703324 760145988 773109365 283026903 493327834 65169934 660219814 491240726 848755746 301889138 213469530 354878838 788880 303286544 653480593 896167620 409220462 790442633 412155284 354842967 727256654 601363370 153171810 571279137 32898249 940970972
35
85133983 257235053 668752542 440783322 814454728 428898529 66409039 97481630 774742715 984095324 610217795 265983440 832851070 912106932 331969321 40246259 912895811 635255864 693726851 661579782 896992678 336685836 73735066 251835644 916458841 527614787 257523805 487737977 560513036 51011128 784593613 645647018 308246180 453346154 938946692
122700907 734761035 5355730 72698888 509503749 841967405 535433034 628003540 527334826 447539965 959972860 567581084 212952127 447745076 113824287 874531908 344737753 303026474 800783325 449089748 219485314 180914464 706613552 559739643 741427499 757624679 344333255 239590868 65870858 650195760 31053911 41088116 384956794 36409640 966303355
45
730893397 354252740 374980433 258228222 801792704 187469645 678325658 867261182 635214720 792149944 594309441 979952472 95176417 247609118 281558571 167178082 428523581 988172122 726917724 22467431 745796800 923767330 262058298 664184009 573963090 293112209 557788476 811436235 182038200 376608182 558413129 912931596 730860921 785909913 23676170 385169976 973379557 702001827 104947509 608594276 346668122 699256949 441063099 294360890 946866066
722621669 314055323 375389646 563310142 40973047 397857076 161623293 817256728 512431726 825807301 243736169 805543934 236112128 55172404 840098485 465236661 466101884 605546433 48613933 252011796 629222602 433783908 77907705 183740780 538731416 686501980 382925253 90504717 980081431 677286142 37370782 555219451 991341464 265276780 118529593 884830862 663133855 280152885 554603942 28081932 958476538 798340110 833625865 47105017 853512513
3
512341678 172130748 131787134
560955610 424142544 613526087
19
502050248 797266866 385987285 41068579 32708470 476492001 21150009 709994611 366379135 428885812 553852426 631655914 547415404 291199640 147306120 680084640 845803581 175388052 638561177
496660042 9013916 685666194 202688907 387770969 50524223 374819654 519558102 611479832 798962197 133084188 458735701 153528796 782867405 844722986 47113727 815575874 173731338 68263735
37
540110472 349665898 784455614 24282737 897081301 75655253 171588857 429682293 773975185 346976908 68243469 123151578 208507175 606426014 325840484 596278144 656950236 700660138 115836245 120946420 352138686 101436785 579682120 505667482 736820541 276921457 552781208 404912767 450652795 473561294 635515954 843279618 823227192 419971567 867562355 572824844 348143171
39151211 2507136 974634707 386128118 923266957 97786285 594635292 382209322 423626768 43429787 891675910 124286905 11782384 12622329 328941943 113219168 592304448 834609424 702556060 869225905 239906983 959985178 172395051 565984628 595501132 15674668 241728171 867989050 735753374 814553015 68648573 774904584 669576502 43283279 13549053 445359810 141069563
48
680085484 417212683 504130483 571761393 394015939 515912866 436900073 722957881 481648385 29204520 410083656 36720797 750946776 502506990 996705974 775858178 68491618 444723457 644049198 310219788 312712507 379802571 977289154 381361079 7223507 499382008 277160709 20772559 944741817 270746624 333989607 477343652 687959306 838120090 49105044 934491596 354032955 338521468 509965829 835681340 220242340 920049484 872402136 971189115 275072826 721624461 599563645 343564443
166347918 243612842 506300582 331576776 475931764 483589736 712937854 483155270 982971743 990098562 356444181 780229911 113361537 690433787 110089915 801320842 381070228 11711310 588328790 735103183 350232778 98294618 423300874 570475117 870860453 148219361 394180583 145933278 869843821 993744227 342014072 888708090 89873420 848314654 220284865 565805184 184420741 785739070 48960453 19908835 628353984 257920985 800138745 741715520 800871124 910228659 395552714 181941351
20
983881503 769560885 124689098 82176120 45378110 695164214 805552924 193597470 89344796 951486202 915957643 83089023 146016625 804665732 25478794 994331278 877466949 591283977 178752018 663206018
492760782 198660852 144076353 750681766 851315949 885791873 404069241 614060959 281344586 586010592 388517279 117742440 208087828 513206376 52434911 253465938 208370589 857987834 447063407 150231737
38
215537401 85837111 808007012 20203133 111315904 802338289 750186433 702599881 833606659 265908802 195360662 32267510 409985155 798558779 736099810 295777027 202628020 350160769 429637964 641154963 738678047 547380403 849242790 104400775 599815313 102708727 312771363 457803146 402288486 463003099 119793533 617825886 548840209 780316896 490545370 660156113 435171536 240731802
215272345 268778194 506640604 410633006 153562056 916625758 61708136 889661865 64919136 264336155 92338985 494557099 905491117 683533384 41937501 607250259 787934158 494269165 709958985 100705520 952072310 112247470 416224971 924382194 582589708 817581531 557215441 73135077 330253995 992386977 166383231 545526339 113681522 673023834 956159344 267243577 442165943 17867480
45
359601430 134719986 101760778 854158528 892727455 637810513 748612380 499977713 425744670 95397896 62453049 378966542 47470205 27216871 647707864 824368751 609806578 465289394 234100543 535458006 795543389 226487519 701841236 193586079 340169041 227381421 2261775 459928969 669547363 20129254 469350762 29148792 7365591 423627892 735823671 900093045 61438404 336952402 252587109 339699426 432350297 167556510 571182319 332336854 194773380
218890182 9221956 657096309 536695927 243322498 192554314 184755667 322326369 894395550 378341746 662495409 121776970 380603520 122424377 643840685 253249125 444291491 525505828 260614715 720435734 113845851 13224112 634390489 303314604 118327572 974089914 735664901 285884081 397788584 920518106 480657460 616678765 929740061 137753768 5891044 25578910 182824434 190646710 347905278 929736335 568988455 862917038 904029656 949591974 837857767
43
202841098 134665609 925892520 315972165 855101342 892254722 329196276 489491830 195569325 447523847 316098096 783750577 733407928 713886679 704268682 66581739 183081796 486525094 56851859 188972839 364620356 92192644 379619548 712525633 21928978 948608003 427959023 925958633 750716328 265816789 178861677 953557426 400482397 104754196 122045942 108100090 849525269 451242217 597591919 45094593 751282415 766206366 681361522
337206694 332609397 238146555 403788433 515691192 724671649 313156643 557180382 89292004 405349286 936799929 654333988 427278263 737924283 82293010 205753247 341156963 200626150 384614923 147230740 453624898 341885470 269276681 561724987 43927090 720518897 11833258 89021683 324317663 778039623 622899556 661524357 110649019 861046110 65312789 478856562 438234110 230985783 36036943 380042465 636335068 825353224 34376453
31
415793858 969185814 121882928 756950820 22328316 359014203 904181559 475953213 700899672 173458239 37678200 744826762 746493487 49511457 686364796 70811150 680067431 161780703 732335506 790716450 22826812 650164646 122089363 461060922 881150428 158126306 841103386 370001847 983479529 727996190 286131528
251789738 549698356 408014455 8740558 424543023 767028657 912922116 900496235 320444681 938896707 790690786 917787794 685390193 692718594 456668941 608717694 225302377 618449643 193569551 16018826 641276454 843734196 138108188 954853727 577400975 148750845 648473465 947402821 984746725 228986006 86050700
14
778684361 494065155 97793372 55743735 113610163 10715487 956239970 286571195 802128545 599447107 204358988 340035090 144682053 661027928
948752783 369984429 131993922 142322334 238519606 773270376 838572881 229144145 580640454 268490208 230411342 229113918 68409380 215158066
25
154460080 304210880 89300636 648525234 402004251 145044371 614651748 265236090 953800692 901222943 67364634 405764150 105581930 407399723 550446202 619126210 208668858 772946982 751120131 350991191 11466587 376906858 42080423 93127084 957547312
310570630 323538425 39177581 378980010 391212842 349793856 533440089 695423722 439094492 34481674 97427972 436655214 649133421 362664061 390455905 550356363 282545047 796220054 508454645 689944769 199182608 980097206 898613626 972129589 583733688
19
836112528 960640546 144201591 781755963 770704209 454772220 105294387 662398141 833752229 349023580 12191997 219708669 44447301 303802840 254190342 141875273 740458053 903323763 357055685
130913957 306196477 639600731 779650362 814651121 182061852 831349321 647264678 933191829 655995262 230998366 35312997 344624141 44155263 32030939 126380103 667375823 339319510 84190841
14
25588091 433214420 194482311 245296759 330178073 498285150 499487101 324569697 238743202 402810863 681625381 222173510 709007339 173742464
854340224 376174812 208320667 685689544 23439489 141512495 194201157 106954206 29341843 538825297 3625820 61372781 665205399 671001642
44
601912591 775605 278796733 35127011 47774267 524093491 217821435 546059417 23580591 542391131 784802618 278907805 76532863 859492480 987915144 250275326 713832703 216606307 458595992 252038598 92562147 452624839 446239755 52032705 481966681 985065051 55658524 395855814 502786802 726660166 649064456 104699392 579952122 927861188 992342754 627726388 304471030 62680540 173785804 328051621 605071670 811104774 606959425 681604533
670597253 447390920 931879858 236946307 516513578 242992202 341501256 609075725 695617040 787741010 661108429 30100072 625322413 716766952 278472237 980625566 295943469 927536692 937841309 875895590 707914231 782700415 503621978 12385261 845380954 529924133 192953233 450452624 341028906 652429009 132057156 864142510 99819929 916453365 101088816 468849858 11961918 295106424 77925582 560095309 82847433 591550362 590195381 560686197
17
868667617 393828114 456777134 648720661 331669423 185189076 209151243 114369837 688811053 74052855 812267142 71251537 119522439 115236117 412280443 771951448 99809624
128939304 724287728 16262989 82544472 193137585 880741258 377650895 123579519 440836567 313014679 567646232 883548299 873700876 728479897 604732267 120045341 37773383
30
451714763 222962458 315120522 418600951 764289862 241689728 83384445 835541398 361212167 198620561 100338192 133163614 298430185 229277496 857451341 167209525 311821967 903105277 47950782 689472861 26684795 341303700 2487539 446847379 224851998 728704766 27843627 829584265 848750107 65617009
935553543 152981221 141095818 103190416 571582172 905385679 344880144 654966616 740927077 706092310 853587176 841265268 691772275 4533712 70542763 401739967 171743236 234881081 304845243 219694018 924353941 184046390 560997717 926841480 630893768 638366067 508062597 658737394 320466683 356812703
6
108536577 509793924 717966572 211726993 933892447 623352251
409123488 441375414 216795679 115215797 147478941 910577298
24
152012653 833636413 61244389 323755888 68517493 218605983 543449905 992871434 402652372 956963974 772229265 886062491 595330040 132808213 397316237 915796722 489620916 974186991 24333298 851931191 692153562 88576642 785823637 168022164
497700129 79715402 237334194 465432277 227194342 147911492 124936699 379206994 981547904 38697439 702962882 902581748 257303422 98929138 747969533 512472145 55893111 372715149 398534636 503739502 505523362 795850872 272052575 995144277
15
148902225 699591819 167224127 237478866 337931807 335246291 587695347 417647208 572580484 53127623 644841549 573008327 30580674 24048543 407072582
921794464 727011424 309654330 31614237 825940561 57623862 544086382 734350024 282855363 942621017 238089525 788378724 590988240 510142100 636039352
6
659044324 335631170 233282931 749039541 673562976 568529221
336734887 91210183 993626057 242378862 588568083 566634383
38
612616625 973706965 47270350 192144400 135877646 78884587 870601313 46017859 475487320 604951336 328873221 270624688 695557212 117251944 861612927 58215663 605807647 927671731 717259986 941438816 13471013 318815879 467518143 582000234 655550765 411244677 428142642 750445978 999812760 994777024 875921864 464945736 821000340 775708566 509606488 809394337 707109504 380207800
855412196 35113175 837675487 36801768 305737862 533232698 6570064 19867140 591448361 612377710 947538870 161224698 406332878 961009882 480040576 726367372 395526467 988107693 137612049 823669108 738553670 989941160 670962484 466991886 307403247 344479175 95216803 817009734 6389864 654842658 49733885 861802059 689955832 887409371 751120178 995693693 273158421 757690241
33
717123133 222584303 815616053 878347830 481433532 629142286 210904758 207800903 24668753 51528802 197929303 700854212 790082471 40386814 224333047 109590708 200306413 421328574 57323862 17316146 427718437 712166519 919566383 142036847 402122350 659492105 893157024 250332394 932650525 503363617 265893225 502290009 725947919
81509277 233154191 59897802 563167915 444058948 267698704 440353019 495587749 318144359 141207230 138186571 358531172 218056629 100293631 558837584 639385202 157617492 428670082 67103638 869784011 200752816 61656836 124422712 860244920 954813859 374755106 645411797 458177475 640648330 147701805 36641745 574673959 380855995
47
137841873 677431294 216754602 430711243 25535394 534898960 424434824 163721965 893430131 642491452 264015595 304784067 134393005 421633086 585970500 54012994 143933448 786723315 115669829 268356160 646968234 70483688 643111265 144896382 381177514 136275946 292598187 270335611 710949904 525970533 366875156 701308128 203401827 583629757 132019370 228937220 118528716 408970546 245175536 864475199 51461997 509191130 21775617 38371354 783340568 607746116 92384347
927274015 246985782 60570528 195630174 893954015 983570567 838741438 38850397 217264432 975017384 183964935 487600042 538483639 709935467 854475198 92308119 765853645 290621306 76843840 994790865 261666374 485814385 92482752 978657924 389792734 601673882 433540 280680439 237530801 460696007 225581137 164804815 707681788 286151664 212951341 454152154 122238582 51692778 345518902 339503014 879226513 382000188 827103055 270226504 91935655 534094604 215050974
2
824715910 291894813
557612867 938898635
51
650095619 917556558 20018283 104285852 770506449 153215073 341816652 83718807 378796209 506621466 643916946 664947873 719572806 98069099 787186454 623781936 296104353 126689467 355524800 678104540 806308874 478267655 622556546 340403477 693318628 185378549 17635738 985213441 742991415 956534372 467955342 393087033 726607281 340489976 497372884 349630081 493705048 839189535 285865239 872501256 198327353 929782184 389965480 770416510 880367635 29668286 246714797 28988339 8874104 602239597 707092878
815182977 80507251 182165776 8102806 626342231 367544324 25738543 464072023 110535738 834789267 932027364 356139123 413912899 272517339 706028358 763542980 766222386 397734245 49408218 491239993 596061597 831706754 881205473 218994458 712074388 910873758 465709255 741062726 919747861 67948851 300671955 734930838 972453 335354082 743033643 479831035 702898405 621288537 943903057 665950495 456077803 875930420 874605969 869990702 964110 580634326 486050033 619702847 978368570 387974602 110942840
19
72197707 992148312 645940976 784272094 755538421 111650230 377851171 675286281 32115432 531039478 262733470 885604236 866393559 858283464 217951623 421808316 479572001 161854679 87758810
788166155 890301451 814881130 510673208 891265560 248031807 996723240 363484759 78916729 237214194 474427598 505863246 309411900 319092261 4320573 946200346 74630681 968487154 176567868
14
853118937 707607345 717683135 591239525 574000904 575966598 809191147 995809219 908054950 971045825 936084380 696221105 713863627 603481861
59410664 457645539 851513667 56133904 821130297 930430395 145864449 148074246 288809993 307792700 467166506 293130565 253993045 394313538
22
430560913 849263202 967253007 138168257 566946336 558492531 564685512 995429286 220200029 413011082 903484235 43762206 201611813 452221691 757625832 805093673 511632355 215271370 509123692 420282610 36401666 439554086
418663410 36992263 728364078 726456109 504158768 874010995 980449154 750988657 988145065 263526418 600251859 955398071 254211026 19714546 366406954 671412890 15143831 586606982 84423971 771144418 630369187 138552136
11
240511371 796162160 440031166 455782740 305285851 860313775 344700758 597356289 131493536 381693020 178236718
857949645 738368140 52247712 690915150 489356796 40392776 954441567 942125006 848307199 61168944 961839552
5
732581833 829499734 506353837 669522156 453160503
136723024 660590643 381559315 229750746 456752802
31
685533485 614555005 534420607 882750594 211911293 665914142 116959966 390148010 523863786 855328105 294912074 67295287 197201252 187821201 21736853 139326258 36128399 935422149 953682161 955875254 520520333 635698246 462229091 42558840 88858749 451468466 703149482 322934415 681219211 12418636 144524894
219269047 626973640 678945500 102019641 838884932 197375994 71495958 81549293 721239779 926824062 376461366 788535066 124025313 564282567 662788270 115867922 452927317 450726770 69550082 261318923 971247103 705248328 723548013 13805942 646623428 27532830 716955424 969557842 561268392 729374059 966599087
39
208864050 498060939 735073430 47748981 695436932 806569387 981814625 269193062 585909800 210792343 57728127 709935113 775074909 573032749 825803034 80518577 23759518 747869468 341837499 847522972 305634147 917901863 861328914 952257574 945434692 430800689 774331767 359219435 12691099 593447205 139756873 221555148 91508143 727346654 121820480 786945074 386432393 103635104 56138136
972342192 166943798 966382614 534793656 942018706 391931714 213113042 875053635 268207584 960982509 69407485 115730555 119133007 987309348 829575820 71390580 785260391 112892860 698238698 144479826 125583958 144202254 136753050 199655457 235710397 716616055 173992288 875171822 103048447 130143744 783826309 927906991 297087541 602725275 315216998 91622599 994656988 380846391 966676233
24
194345251 36083717 83627830 313478257 23393064 765720001 237385188 661169807 878612861 935623885 805649632 856713170 79826139 794919033 908884979 168052887 511535087 82877266 43224708 467099886 213021009 679567369 247523228 510108550
282292643 415256577 601731148 129465982 796102968 420923732 97363257 990448218 457007448 180991086 303926475 332916864 946711086 541311662 994086670 677840298 329451899 652252653 387069820 261794389 299688037 148471150 282363627 811223123
16
178104686 130839360 296885776 857672054 230878939 806994325 139964696 646135516 261241824 121947030 442238483 682165555 219310286 285203052 991689354 252817723
589129526 177122569 52045160 982957540 23725590 729885458 164925790 675978242 969471629 426720178 975666278 117942778 709083804 639405753 201807544 887188489
15
498693319 597376895 853640403 158203995 589857942 499775918 419445818 711804971 794530752 954127724 783631608 79733803 945817078 36449330 521379681
122939646 88494490 504337220 146665236 670896299 669263009 675159829 640367927 948499538 503342459 610827056 510099693 995264563 812634599 249804533
27
311327918 847181427 324182780 469531912 437039369 823958697 741494082 1360691 471005800 695621805 784992299 550739603 493955234 673957980 72119283 469411232 762452469 428972854 468592819 285865119 950752214 996268999 926233045 899251751 352127809 389576452 261867795
347392371 202211051 511672327 817934749 366055320 358853754 142117528 835587231 648409474 818592577 429597664 649770164 289598376 125219469 287278814 692854330 471691054 961236794 617489964 793618637 576205614 46462817 114727807 862070733 849731382 110996806 640820129
35
463124614 30396581 863367278 663033337 85123983 375039605 480968085 451179302 586409710 475601964 139282884 234819183 294194540 568880548 737105698 436309268 546616368 24384512 129163597 870823773 838137657 746653561 664442410 266859622 645632729 779170216 981446706 347880463 742683373 474783187 949379946 58324339 357696119 812747224 721357675
442820101 40303180 54842111 746515754 626712889 530444074 885798637 714048423 824638614 307195536 451154120 113464233 706328255 328054983 242627829 577152028 18708991 841797741 94110789 138084965 339946822 725797356 119531670 687827284 468480729 594314856 637207229 526805067 952010974 302470804 100679093 247347426 195290335 155521203 993863179
24
685965276 732178168 388567997 363120241 891890055 839722117 476584473 598218310 20293451 719212302 27886689 39002442 413526394 121997477 29603758 753473215 700311184 149135427 441300498 21308264 595966635 931024079 548113330 400493960
86011234 648792422 647841386 281301569 804313624 494220916 103304791 342795252 78915435 344389140 705915492 970805490 36627608 182499965 421540151 56921058 754228618 301943191 948439851 167755011 276457019 978043608 921228226 976768202
36
215045075 998076466 575662021 146069153 398706147 976155980 84596739 47498569 476513717 365898307 704328544 970734633 321719449 47123795 902166419 666108588 605555639 725488260 702736195 788055603 147028410 759657253 394800572 301487952 560613455 562555582 577944970 538657063 336300159 554713172 518352449 403861586 405305989 94014469 402447090 804012135
922686800 487043828 704027055 399200517 852942134 260871951 222451501 174661583 160512097 124617919 840770170 766067735 702622531 396022717 406639689 702167292 8196321 801440260 3655244 568809775 216512194 581600213 107466837 552812352 988829736 478335637 956673937 394135724 424866457 211637379 50664211 200069609 698681206 754691265 599270125 551623340
16
674237977 578801274 176075312 651372247 272087795 942143046 353994777 668110511 201299087 56162069 676306831 2739346 912333664 245116606 219251539 346450228
205099794 624580243 335279964 535951783 433770531 581932039 960818239 645407909 632596249 13404199 344089115 387287514 612674323 748228806 255367080 139428651
30
431442391 790800898 599117873 226101789 144795674 119744736 427400875 53474094 796051566 282656572 818324109 41168171 501908111 164774337 98784317 126488353 352570652 634736099 412775235 934502690 448070689 58183144 567098939 461474888 254788610 806902804 926665562 3017415 62269883 66094213
182563845 346228626 856895110 781681717 572330414 854207135 901426452 852247640 760197581 549994370 134904211 431038041 443678892 489328673 595812377 542463208 468333377 948383028 29715658 881108612 735402070 330302699 939291755 155017360 791777586 46596716 961920163 570959499 49614130 24190045
