65
1000000000000 1 1
7861 11257 5477539912208008
74116 111994 1493371909130523
6 9 497087563
48878 70096 1422160026469748
6 9 2903294259185990
4 4 1760792368134037
10 17 370045965243845
10 13 8689503031950123
74036 112850 549053549625598
9 17 7379218941168776
2 3 5
4 6 2271224666368145
9 9 2395440648063235
10 13 11234567890
1 1 3771679948420674
5 8 550103143310362
2 3 2
1 1000000000000 1
1000000000000 1 1000000000000
5 1 100
80006 121046 2203488461171151
259149987802241 6689368820300403 3534721002568495
59617 76399 8216425361382011
2 3 1
4 4 4198590241362000
37177 52260 3627623246300954
4 6 7754441745231444
4 7 6988873275022466
60280 106158 382504020903546
52245 85277 3528041057867931
5 7 4495587747091262
13988 25555 2154753727553324
2407 4810 850600912749360
4175966084693454 5040165207533386 1846283425419327
1 3 100
2 2 9825445613196928
1 1 1000000000000
8272 10247 5338458442301888
25878 28689 9188723367817961
19749 37179 1140508669256069
2 2 1081292147434158
6396320710057362 7814230344468181 3183274048075890
9334 14595 5458585253152592
1 1000000000000 1000000000000
9 15 5802491041437611
4930 6317 3001060110844245
3 5 840843200459482
10 13 3337041873753082
9545048558841825 6899255672076999 9272818149758853
6761462000443010 904477908128201 3043816924959190
8025714536856354 9903000027803061 904922510325972
9 10 9259928947805118
2 2 5384712727499747
7 7 6977204123379581
13973 26419 3513626523439425
725831654114702 4541733210835335 2742887072719959
3865717696012301 6136029900710052 3321279115901350
26597 37816 4245730305851899
49127 75508 3693288613316216
314 512 133769420
1 1 7851116204037232
314 512 1024
2 3 9429605562755370
7 12 6439637337963783
