500
4 4 1 1
4 4 1 3
1000000000 999999999 1 2
3 1000000000 1 2
999999999 1000000000 1 3
999999999 999999999 3 2
3 4 2 3
999999999 999999999 1 1
1000000000 1000000000 2 2
4 100 2 1
1000000000 1000000000 999999999 3
100 3 2 2
2 3 1 2
1000000000 1000000000 245797795 1
1000000000 100 2 1
999999999 489345280 108542079 3
999999999 919338507 247646166 1
163592637 549432548 2 110629430
999999999 999999999 1 2
100 999999999 3 3
1000000000 999999999 1 999999998
3 999999999 2 930212147
1000000000 1000000000 711006329 2
999999999 1000000000 2 999999999
3 1000000000 1 1
1000000000 999999999 999999999 3
999999999 4 3 1
4 1000000000 3 1
1000000000 100 872721048 64
4 4 1 2
3 999999999 1 701097245
999999999 1000000000 999999998 3
699118378 100 371255050 53
4 4 3 2
1000000000 2 2 1
4 2 2 1
2 1000000000 1 2
100 3 99 1
100 100 3 99
1000000000 1000000000 1 3
365482087 971250614 97597 28576180
4 1000000000 2 374349453
3 750409238 1 2
4 999999999 2 2
1000000000 2 999999999 1
4 100 3 56
1000000000 1000000000 1 1
100 1000000000 3 1
804684832 197217720 1 153175513
100 999999999 57 187975571
999999999 999999999 999999998 1
3 100 1 99
100 100 3 1
1000000000 4 999999999 1
275678673 999999999 1 1
1000000000 100 3 1
100 100 2 99
4 410312616 3 176330867
4 100 1 1
3 999999999 1 79992930
1000000000 100 2 3
2 4 1 2
999999999 1000000000 1 2
1000000000 100 3 32
1000000000 1000000000 301408972 2
945684593 999999999 725490874 3
1000000000 293794518 859896680 2
4 100 1 2
914040527 100 1 2
4 308024713 3 2
4 100 1 99
100 999999999 2 217038469
3 999999999 1 419422452
452792670 1000000000 2 115192647
999999999 4 2 2
999999999 999999999 3 3
515006471 3 3 2
999999999 999999999 2 2
999999999 1000000000 1 1
1000000000 1000000000 999999999 1
999999999 999999999 1 3
999999999 100 3 2
2 999999999 1 1
6565870 999999999 5153895 286487589
4 100 1 3
4 999999999 3 999999998
2 999999999 1 2
100 4 1 3
100 1000000000 1 2
4 1000000000 3 3
3 999999999 2 478452455
587962907 2 570433024 1
3 999999999 1 2
999999999 999999999 999999998 2
999999999 100 999999998 1
2 1000000000 1 999999999
4 773392332 2 3
999999999 388726895 726514352 2
427727826 1000000000 3 1
100 4 99 3
1000000000 100 1 2
135818523 100 127108945 1
3 999999999 2 217585714
1000000000 4 999999999 3
999999999 3 2 1
999999999 3 976671636 2
19089712 3 3 1
1000000000 1000000000 2 1
999999999 4 999999998 1
999999999 3 1 2
100 4 3 2
4 292678792 1 2
3 999999999 1 1
4 21218471 2 2
100 1000000000 99 1
100 1000000000 2 999999999
999999999 3 2 2
4 999999999 1 3
1000000000 1000000000 1 999999999
4 1000000000 1 3
999999999 1000000000 3 999999999
999999999 100 1 2
4 1000000000 2 999999999
100 2 1 1
999999999 100 3 89
2 251894516 1 3
3 999999999 1 3
100 999999999 3 2
160776118 100 1 1
1000000000 3 3 1
3 49194494 2 1
999999999 1000000000 38408940 1
1000000000 3 2 1
999999999 4 888595089 3
999999999 4 1 3
100 100 1 99
2 475952396 1 3
999999999 4 2 3
100 2 99 1
999999999 999999999 2 1
1000000000 748176992 2 3
100 999999999 2 2
999999999 1000000000 999999998 999999999
3 982500203 1 839934728
4 999999999 3 1
997867345 170075009 374134420 2
4 100 2 91
100 999999999 2 1
999999999 4 999999998 3
2 100 1 2
999999999 1000000000 488516079 1
100 380837481 37 96807255
2 100 1 99
1000000000 100 999999999 2
3 3 2 2
1000000000 100 1 99
999999999 1000000000 2 3
4 999999999 2 999999998
1000000000 100 2 16
3 2 1 1
100 4 2 2
100 999999999 2 3
216458893 858261817 2 730048733
999999999 4 618409559 1
999999999 999999999 999999998 3
999999999 999999999 3 1
2 4 1 3
100 999999999 1 2
1000000000 3 3 2
803061495 4 3 3
1000000000 1000000000 990110168 2
4 100 2 99
4 2 1 1
588175668 2 2 1
999999999 2 3 1
100 1000000000 1 1
1000000000 1000000000 1 2
1000000000 100 2 2
100 1000000000 3 999999999
999999999 3 999999998 2
999999999 999999999 3 97982365
999999999 4 2 1
349725997 3 3 2
268284003 3 3 1
999999999 100 999999998 3
755742919 1000000000 2 2
999999999 396025382 2 2
999999999 153855548 3 2
404696558 1000000000 344580310 355699065
3 348674172 2 208198940
100 4 84 3
100 100 99 99
999999999 3 999999998 1
1000000000 100 999999999 3
992439437 2 2 1
4 100 3 1
3 999999999 1 999999998
100 3 98 2
100 1000000000 3 3
770491971 1000000000 3 1
1000000000 1000000000 3 999999999
1000000000 999999999 999999999 1
1000000000 999999999 999999999 999999998
1000000000 4 3 3
3 100 2 2
999999999 999999999 999999998 999999998
4 100 2 2
100 999999999 99 1
100 3 2 1
2 243229745 1 59406209
100 100 70 2
1000000000 100 999999999 99
999999999 100 3 99
100 100 99 3
100 4 1 1
630783940 100 3 2
3 637320062 1 460765579
100 999999999 3 999999998
2 100 1 1
1000000000 3 2 2
3 3 1 2
1000000000 999999999 999999999 2
999999999 100 2 1
999999999 4 999999998 2
501599341 999999999 2 3
4 999999999 1 999999998
100 999999999 1 913663288
3 1000000000 1 859457977
100 100 2 2
100 1000000000 99 2
100 100 3 2
4 999999999 1 1
1000000000 100 2 27
1000000000 1000000000 999999999 2
999999999 1000000000 1 999999999
999999999 1000000000 2 724564983
271589777 216429783 1 1
2 100 1 3
1000000000 889034323 2 585497466
100 999999999 1 999999998
3 999999999 2 2
100 100 2 1
4 999999999 2 3
999999999 1000000000 3 218565021
100 999999999 3 607160337
201238540 100 49757290 14
999999999 100 2 3
999999999 100 999999998 99
100 999999999 1 3
4 100 2 71
3 100 2 1
1000000000 4 999999999 2
1000000000 999999999 3 2
100 1000000000 1 999999999
100 1000000000 2 2
1000000000 2 592728920 1
900930753 3 3 1
100 461180180 3 3
2 1000000000 1 1
100 999999999 99 2
100 999999999 99 999999998
3 3 2 1
4 1000000000 1 999999999
3 131597407 2 130390896
100 4 99 2
1000000000 1000000000 3 1
999999999 1000000000 3 2
2 999999999 1 999999998
100 999999999 5 3
569981406 4 2 2
999999999 1000000000 534911742 345724526
4 4 2 1
1000000000 999999999 2 47219043
4 3 2 1
100 1000000000 99 3
4 625855660 3 1
3 1000000000 1 197472206
100 1000000000 3 881233701
100 100 1 2
76553835 3 3 2
475576299 79599546 62711377 1
66434218 3 2 2
1000000000 1000000000 2 3
999999999 3 3 2
100 351514573 1 3
2 999999999 1 3
1000000000 1000000000 2 999999999
999999999 4 1 1
999999999 100 2 11
100 100 1 3
1000000000 3 999999999 2
1000000000 100 3 2
999999999 100 2 2
999999999 234259462 1 104118482
100 1000000000 3 2
671771882 1000000000 458242975 1
999999999 2 2 1
1000000000 999999999 3 3
999999999 2 1 1
163708539 999999999 3 3
4 3 1 2
999999999 3 3 1
1000000000 4 1 1
3 929445484 2 1
100 4 2 3
422251405 1000000000 332267304 3
189832940 1000000000 2 3
606735969 100 574575067 9
204388631 3 2 2
1000000000 4 2 2
999999999 3 768481208 2
4 999999999 2 471976874
1000000000 100 3 99
3 100 1 1
999999999 100 2 99
100 999999999 99 3
1000000000 1000000000 3 2
4 100 3 99
1000000000 999999999 2 999999998
999999999 999999999 3 361042743
4 4 2 3
999999999 130079639 121158886 3
100 100 99 1
100 999999999 49 1
999999999 4 37069733 2
3 100 2 99
1000000000 999999999 2 3
474573491 100 2 2
543390985 2 25843304 1
1000000000 4 3 1
543383962 764857696 2 41522173
3 1000000000 1 999999999
1000000000 1000000000 1 4469475
100 397986566 65 2
1000000000 3 999999999 1
109588419 516866303 95880941 3
1000000000 999999999 2 1
3 2 2 1
3 4 2 1
999999999 1000000000 2 2
4 999999999 3 3
3 1000000000 2 1
3 1000000000 2 2
946260157 2 1 1
999999999 1000000000 999999998 1
100 4 2 1
1000000000 2 3 1
4 100 3 3
3 4 1 1
621335426 20082604 2 3
249097053 100 3 2
1000000000 4 3 2
4 3 3 1
3 4 1 2
377173489 999999999 3 1
2 4 1 1
1000000000 84082569 375561153 2
100 1000000000 2 1
3 811153361 1 12686097
1000000000 1000000000 999999999 999999999
100 4 1 2
999999999 2 999999998 1
100 1000000000 2 3
3 100 1 3
100 4 3 3
142421367 2 48241495 1
3 387806766 2 3
4 3 2 2
205684158 100 1 3
100 3 99 2
632200338 3 1 2
1000000000 1000000000 3 3
3 565428755 1 2
704993648 595827515 1 3
588778144 302958057 3 3
3 190048202 1 3
4 999999999 1 2
1000000000 999999999 1 1
1000000000 999999999 1 3
400638252 4 3 2
2 590064564 1 410727603
999999999 1000000000 3 3
3 999999999 2 999999998
1000000000 4 1 2
999999999 4 3 2
3 525092475 2 3
4 4 3 3
999999999 100 361399062 76
586838884 999999999 2 2
1000000000 1000000000 432922762 516684653
1000000000 999999999 90055928 1
3 1000000000 1 3
990898699 2 1 1
999999999 100 999999998 2
351511977 1000000000 3 1
100 999999999 3 1
2 43534587 1 1
4 783105139 2 2
1000000000 4 120887411 1
999999999 100 1 1
4 1000000000 2 2
1000000000 100 3 3
2 270189690 1 1
4 2 3 1
251333014 100 1 2
999999999 100 1 3
3 999999999 2 3
1000000000 100 2 99
999999999 3 1 1
100 4 3 1
598618548 1000000000 1 2
1000000000 2 1 1
3 4 2 2
999999999 4 627313199 3
100 100 3 3
100 999999999 72 3
998645846 2 2 1
100 100 2 3
999999999 4 1 2
100 3 1 1
4 1000000000 1 2
100 1000000000 1 3
100 999999999 1 1
100 3 1 2
4 1000000000 1 1
4 1000000000 1 809590669
2 611627491 1 2
999999999 100 3 1
999999999 999999999 1 999999998
1000000000 3 1 2
999999999 100 3 3
1000000000 4 2 1
1000000000 723284552 647366837 1
999999999 1000000000 3 780175482
1000000000 445823784 2 2
1000000000 999999999 3 999999998
713458743 999999999 1 232415301
2 3 1 1
1000000000 3 1 1
100 4 99 1
2 1000000000 1 3
3 1000000000 2 3
100 2 2 1
1000000000 100 1 1
999999999 1000000000 3 1
1000000000 743670139 3 3
999999999 1000000000 3 233117279
4 1000000000 3 2
70829133 100 3 26
100 3 3 2
1000000000 4 1 3
3 100 2 3
3 999999999 2 1
100 100 99 2
4 1000000000 2 1
2 2 1 1
4 999999999 3 2
4 100 2 3
999999999 1000000000 2 1
100 102245557 1 1
874810763 1000000000 1 903855415
1000000000 100 999999999 1
4 4 2 2
4 100 3 2
4 4 3 1
100 2 9 1
1000000000 100 99694839 3
100 2 3 1
100 1000000000 99 999999999
207868204 1000000000 2 225202610
4 3 3 2
3 100 1 2
100 100 1 1
1000000000 4 2 3
999999999 100 1 99
4 1000000000 2 3
999999999 1000000000 999999998 2
3 3 1 1
245635459 1000000000 2 2
779009402 100 3 3
1000000000 999999999 2 2
1000000000 999999999 3 1
1000000000 354487415 2 1
977912389 734778827 532290378 1
100 3 3 1
4 1000000000 3 999999999
1000000000 100 1 3
100 999999999 2 999999998
999999999 999999999 3 999999998
804494411 2 1 1
4 3 1 1
4 999999999 2 1
999999999 4 3 3
999999999 999999999 2 3
999999999 999999999 2 999999998
999999999 3 132294377 2
499812538 999999999 1 1
3 1000000000 2 999999999
100 100 3 48
3 4 1 3
